11 , 11 , 11 , 11 , 11 , 11 , 11 , 11 , 11 , 11 , 11 , 11 , 11 , 11 , 0 , 5 , 5 , 5 , 5 , 11 , 11 , 11 , 11 , 11 , 11 , 11 , 11 , 11 , 11 , 11 , 11

11 , 11 , 11 , 11 , 11 , 11 , 11 , 11 , 11 , 11 , 11 , 11 , 11 , 11 , 11 , 11 , 11 , 11 , 11 , 11 , 11 , 11 , 0 , 0 , 11 , 11 , 11 , 0 , 0 , 0 , 0

11 , 11 , 11 , 11 , 11 , 11 , 11 , 11 , 11 , 11 , 11 , 11 , 11 , 11 , 11 , 11 , 11 , 11 , 11 , 11 , 11 , 11 , 11 , 11 , 11 , 11 , 11 , 11 , 11 , 11 , 11

11 , 11 , 11 , 11 , 11 , 11 , 11 , 11 , 11 , 11 , 11 , 11 , 11 , 11 , 11 , 11 , 11 , 11 , 11 , 11 , 11 , 11 , 11 , 11 , 11 , 11 , 11 , 11 , 11 , 11 , 11

11 , 11 , 11 , 11 , 11 , 11 , 11 , 11 , 11 , 11 , 11 , 11 , 11 , 11 , 11 , 11 , 11 , 11 , 11 , 11 , 11 , 11 , 11 , 11 , 11 , 11 , 11 , 11 , 11 , 11 , 11

